0.05	3.401555966
0.051437508	3.444858824
0.052884166	3.465680953
0.054332728	3.481451263
0.055782234	3.494437411
0.057232332	3.505451095
0.058682849	3.514893927
0.060133682	3.523001128
0.061584765	3.529928703
0.063036054	3.535791932
0.064487515	3.540687538
0.065939125	3.54471411
0.067390866	3.548001319
0.068842721	3.550729141
0.070294678	3.553086127
0.071746728	3.55520419
0.073198862	3.557155288
0.074651072	3.558978998
0.076103352	3.560700467
0.077555696	3.562337987
0.079008099	3.563906097
0.080460555	3.565416997
0.081913062	3.566881342
0.083365614	3.568308765
0.084818209	3.569708257
0.086270844	3.571088459
0.087723515	3.572457802
0.08917622	3.573824536
0.090628956	3.575196453
0.092081721	3.576580407
0.093534513	3.577981737
0.09498733	3.579403654
0.09644017	3.580847028
0.097893032	3.582310562
0.099345914	3.583791364
0.100798815	3.585285646
0.102251733	3.586789287
0.103704667	3.588298323
0.105157616	3.589809223
0.106610578	3.591318986
0.108063554	3.592825182
0.109516542	3.594325916
0.110969541	3.595819758
0.11242255	3.597305697
0.113875569	3.59878304
0.115328596	3.600251367
0.116781632	3.60171047
0.118234676	3.603160305
0.119687727	3.60460095
0.121140785	3.606032578
0.122593849	3.607455417
0.124046919	3.60886974
0.125499994	3.610275835
0.126953074	3.611673997
0.128406159	3.613064356
0.129859248	3.614447098
0.131312342	3.615822336
0.132765439	3.617190205
0.134218539	3.618550773
0.135671643	3.619904114
0.13712475	3.621250252
0.138577859	3.622589197
0.140030971	3.623920925
0.141484086	3.625245381
0.142937203	3.626562482
0.144390322	3.627872108
0.145843442	3.629174129
0.147296565	3.630468375
0.148749689	3.631754669
0.150202815	3.633032801
0.151655943	3.634302545
0.153109072	3.635563663
0.154562202	3.636815889
0.156015333	3.638058967
0.157468465	3.639292598
0.158921598	3.640516522
0.160374733	3.641730407
0.161827868	3.642933989
0.163281004	3.644126943
0.164734141	3.64530898
0.166187278	3.646479805
0.167640416	3.647639105
0.169093555	3.648786609
0.170546694	3.649922023
0.171999834	3.651045067
0.173452974	3.652155482
0.174906115	3.65325301
0.176359256	3.654337399
0.177812398	3.655408411
0.17926554	3.656465763
0.180718682	3.657509337
0.182171825	3.658538857
0.183624967	3.659554009
0.185078111	3.660554401
0.186531254	3.661540066
0.187984398	3.662510957
0.189437542	3.663467087
0.190890686	3.664408482
0.19234383	3.665335186
0.193796975	3.666247261
0.195250119	3.667144777
0.196703264	3.668027829
0.198156409	3.668896521
0.199609554	3.66975097
0.201062699	3.670591309
0.202515844	3.671417689
0.20396899	3.672230275
0.205422135	3.673029243
0.206875281	3.673814782
0.208328427	3.674587098
0.209781572	3.675346407
0.211234718	3.676092932
0.212687864	3.676826918
0.21414101	3.677548616
0.215594156	3.678258283
0.217047302	3.678956191
0.218500449	3.679642621
0.219953595	3.680317853
0.221406741	3.68098218
0.222859887	3.681635915
0.224313034	3.682279356
0.22576618	3.682912811
0.227219326	3.683536604
0.228672473	3.684151055
0.230125619	3.684756483
0.231578766	3.685353217
0.233031912	3.685941588
0.234485059	3.686521921
0.235938205	3.687094547
0.237391352	3.687659804
0.238844499	3.688218019
0.240297645	3.688769518
0.241750792	3.689314634
0.243203938	3.689853699
0.244657085	3.690387034
0.246110232	3.690914961
0.247563378	3.691437805
0.249016525	3.691955884
0.250469672	3.69246951
0.251922819	3.692978997
0.253375965	3.693484655
0.254829112	3.693986787
0.256282259	3.694485692
0.257735406	3.694981673
0.259188552	3.695475023
0.260641699	3.695966059
0.262094846	3.696455097
0.263547993	3.696942413
0.265001139	3.697428281
0.266454286	3.697913032
0.267907433	3.698396902
0.26936058	3.69888019
0.270813727	3.699363141
0.272266873	3.699846063
0.27372002	3.700329191
0.275173167	3.700812786
0.276626314	3.70129713
0.278079461	3.701782473
0.279532607	3.702269045
0.280985754	3.702757116
0.282438901	3.703246921
0.283892048	3.703738717
0.285345195	3.704232712
0.286798341	3.704729192
0.288251488	3.705228364
0.289704635	3.705730436
0.291157782	3.706235692
0.292610929	3.706744348
0.294064076	3.707256586
0.295517222	3.707772676
0.296970369	3.708292809
0.298423516	3.708817178
0.299876663	3.709346018
0.30132981	3.709879516
0.302782957	3.710417863
0.304236103	3.710961261
0.30568925	3.711509874
0.307142397	3.712063893
0.308595544	3.712623482
0.310048691	3.713188794
0.311501838	3.713760001
0.312954984	3.714337234
0.314408131	3.71492065
0.315861278	3.715510373
0.317314425	3.716106534
0.318767572	3.716709259
0.320220719	3.717318656
0.321673866	3.717934844
0.323127012	3.718557921
0.324580159	3.719187989
0.326033306	3.719825146
0.327486453	3.720469475
0.3289396	3.721121071
0.330392747	3.72178001
0.331845893	3.722446374
0.33329904	3.72312024
0.334752187	3.723801686
0.336205334	3.724490785
0.337658481	3.725187618
0.339111628	3.725892274
0.340564774	3.726604913
0.342017921	3.727325688
0.343471068	3.728054556
0.344924215	3.728791461
0.346377362	3.729536348
0.347830509	3.730289159
0.349283656	3.731049843
0.350736802	3.731818345
0.352189949	3.732594613
0.353643096	3.733378596
0.355096243	3.73417024
0.35654939	3.734969495
0.358002536	3.735776312
0.359455684	3.736590641
0.36090883	3.737412433
0.362361977	3.738241637
0.363815124	3.739078206
0.365268271	3.739922087
0.366721418	3.740773233
0.368174565	3.741631595
0.369627711	3.742497122
0.371080858	3.743369765
0.372534005	3.744249474
0.373987152	3.745136201
0.375440299	3.746029892
0.376893446	3.7469305
0.378346593	3.747837976
0.379799739	3.748752267
0.381252886	3.749673323
0.382706033	3.750601094
0.38415918	3.751535531
0.385612327	3.752476579
0.387065474	3.753424189
0.38851862	3.75437831
0.389971767	3.75533889
0.391424914	3.756305875
0.392878061	3.757279216
0.394331208	3.758258862
0.395784355	3.759244757
0.397237501	3.760236849
0.398690648	3.761235089
0.400143795	3.762239421
0.401596942	3.763249791
0.403050089	3.764266148
0.404503236	3.765288438
0.405956383	3.766316606
0.407409529	3.767350599
0.408862676	3.768390364
0.410315823	3.769435845
0.41176897	3.770486988
0.413222117	3.771543739
0.414675264	3.772606044
0.41612841	3.773673847
0.417581557	3.774747093
0.419034704	3.775825729
0.420487851	3.776909698
0.421940998	3.777998945
0.423394145	3.779093415
0.424847291	3.780193052
0.426300438	3.781297801
0.427753585	3.782407607
0.429206732	3.783522414
0.430659879	3.784642166
0.432113026	3.785766809
0.433566173	3.786896286
0.435019319	3.788030541
0.436472466	3.789169521
0.437925613	3.79031317
0.43937876	3.791461431
0.440831907	3.792614251
0.442285054	3.793771574
0.4437382	3.794933344
0.445191348	3.796099625
0.446644494	3.797270588
0.448097641	3.798446411
0.449550788	3.799627211
0.451003935	3.800813181
0.452457082	3.802004485
0.453910229	3.803201258
0.455363375	3.804403688
0.456816522	3.805611945
0.458269669	3.806826172
0.459722816	3.808046548
0.461175963	3.809273252
0.46262911	3.810506456
0.464082256	3.811746327
0.465535403	3.81299305
0.46698855	3.814246818
0.468441697	3.815507829
0.469894844	3.816776291
0.471347991	3.818052426
0.472801138	3.819336472
0.474254284	3.820628692
0.475707431	3.821929356
0.477160578	3.823238842
0.478613725	3.824557544
0.480066872	3.825886001
0.481520019	3.827225222
0.482973165	3.828576399
0.484426312	3.829939473
0.485879459	3.83131427
0.487332606	3.83270063
0.488785753	3.834098392
0.4902389	3.835507404
0.491692046	3.836927522
0.493145193	3.838358611
0.49459834	3.839800537
0.496051487	3.841253169
0.497504634	3.842716382
0.498957781	3.84419005
0.500410928	3.845674053
0.501864074	3.847168265
0.503317221	3.848672565
0.504770368	3.850186831
0.506223515	3.851710938
0.507676662	3.853244762
0.509129809	3.854788174
0.510582955	3.856341044
0.512036102	3.857903237
0.513489249	3.859474607
0.514942396	3.861055023
0.516395543	3.862644336
0.51784869	3.86424239
0.519301836	3.865849029
0.520754983	3.867464089
0.52220813	3.869087397
0.523661277	3.870718775
0.525114424	3.872358038
0.526567571	3.874004989
0.528020718	3.875659426
0.529473865	3.877321139
0.530927011	3.878989912
0.532380158	3.880665511
0.533833305	3.882347705
0.535286452	3.884036253
0.536739599	3.885730898
0.538192746	3.887431382
0.539645893	3.889137452
0.541099039	3.890848836
0.542552186	3.892565246
0.544005333	3.894286419
0.54545848	3.896012081
0.546911627	3.897741923
0.548364774	3.899475667
0.54981792	3.901213067
0.551271067	3.902953824
0.552724214	3.904697604
0.554177361	3.9064442
0.555630508	3.908193353
0.557083655	3.909944693
0.558536801	3.911697979
0.559989948	3.913453107
0.561443095	3.915209748
0.562896242	3.916967447
0.564349389	3.918726254
0.565802536	3.920486004
0.567255683	3.922246049
0.568708829	3.92400626
0.570161976	3.92576709
0.571615123	3.927527824
0.57306827	3.929287986
0.574521417	3.931047837
0.575974564	3.932807314
0.57742771	3.934565923
0.578880857	3.936323506
0.580334004	3.938080147
0.581787151	3.939835654
0.583240298	3.94158974
0.584693445	3.94334234
0.586146591	3.945093423
0.587599738	3.946842806
0.589052885	3.948590319
0.590506032	3.950335908
0.591959179	3.952079499
0.593412326	3.953820938
0.594865473	3.955560094
0.596318619	3.95729695
0.597771766	3.959031436
0.599224913	3.960763331
0.60067806	3.962492597
0.602131207	3.964219473
0.603584354	3.965944007
0.6050375	3.967666392
0.606490648	3.969386799
0.607943794	3.97110541
0.609396941	3.972822413
0.610850088	3.97453801
0.612303235	3.976252407
0.613756381	3.977965823
0.615209529	3.979678499
0.616662675	3.981390685
0.618115822	3.983102665
0.619568969	3.984814751
0.621022116	3.986527318
0.622475263	3.988240853
0.62392841	3.989956261
0.625381556	3.991674134
0.626834703	3.993394415
0.62828785	3.995117151
0.629740997	3.996842368
0.631194144	3.998570086
0.632647291	4.000300327
0.634100438	4.002033119
0.635553584	4.003768489
0.637006731	4.005506464
0.638459878	4.007247073
0.639913025	4.008990347
0.641366172	4.010736314
0.642819319	4.012485003
0.644272465	4.014236445
0.645725612	4.015990667
0.647178759	4.017747698
0.648631906	4.019507565
0.650085053	4.021270297
0.6515382	4.023035919
0.652991346	4.024804456
0.654444493	4.026575934
0.65589764	4.028350378
0.657350787	4.030127812
0.658803934	4.031908256
0.660257081	4.033691738
0.661710228	4.035478279
0.663163374	4.037267895
0.664616521	4.039060611
0.666069668	4.040856453
0.667522815	4.042655434
0.668975962	4.044457572
0.670429109	4.0462629
0.671882255	4.048071439
0.673335402	4.049883186
0.674788549	4.051698167
0.676241696	4.053516445
0.677694843	4.055337997
0.67914799	4.057162819
0.680601136	4.058991017
0.682054283	4.060822634
0.68350743	4.062657544
0.684960577	4.06449577
0.686413724	4.066337628
0.687866871	4.068182969
0.689320018	4.070031629
0.690773164	4.071883836
0.692226311	4.073739775
0.693679458	4.075599293
0.695132605	4.07746232
0.696585752	4.079329086
0.698038899	4.081199709
0.699492045	4.08307405
0.700945193	4.08495206
0.702398339	4.086834108
0.703851486	4.088720352
0.705304633	4.090610236
0.70675778	4.092503885
0.708210926	4.094402066
0.709664074	4.096304651
0.71111722	4.098210472
0.712570367	4.100120416
0.714023514	4.102035525
0.715476661	4.103954875
0.716929808	4.105877552
0.718382955	4.10780456
0.719836101	4.10973674
0.721289248	4.111672925
0.722742395	4.113613115
0.724195542	4.115557741
0.725648689	4.117506789
0.727101836	4.119460097
0.728554983	4.121417645
0.730008129	4.123379559
0.731461276	4.125345855
0.732914423	4.127316361
0.73436757	4.129291075
0.735820717	4.131270148
0.737273864	4.133253552
0.73872701	4.135240966
0.740180157	4.137232425
0.741633304	4.139228521
0.743086451	4.141229181
0.744539598	4.143233006
0.745992745	4.145240705
0.747445891	4.147253728
0.748899038	4.149271195
0.750352185	4.151291161
0.751805332	4.15331565
0.753258479	4.155343955
0.754711626	4.15737595
0.756164773	4.159411536
0.757617919	4.161450618
0.759071066	4.163493102
0.760524213	4.165538897
0.76197736	4.167587909
0.763430507	4.169640042
0.764883654	4.171695192
0.7663368	4.173753232
0.767789947	4.175813931
0.769243094	4.17787707
0.770696241	4.179942724
0.772149388	4.182010981
0.773602535	4.184081934
0.775055681	4.186155675
0.776508828	4.188232268
0.777961975	4.190311837
0.779415122	4.192394435
0.780868269	4.194480185
0.782321416	4.196569139
0.783774563	4.198661446
0.785227709	4.200757098
0.786680856	4.202856334
0.788134003	4.204959012
0.78958715	4.207065575
0.791040297	4.209175589
0.792493444	4.211289737
0.79394659	4.213407701
0.795399738	4.21552989
0.796852884	4.217655944
0.798306031	4.219786458
0.799759178	4.221921138
0.801212325	4.22406053
0.802665471	4.226204053
0.804118619	4.228352702
0.805571765	4.23050541
0.807024912	4.232663514
0.808478059	4.234826277
0.809931206	4.236994443
