0.0500998	3.4015653
0.05229541	3.4436522
0.05948104	3.4913044
0.06646707	3.5184348
0.0756487	3.538261
0.09021956	3.551826
0.10558882	3.5657392
0.12974052	3.5893912
0.15329342	3.6106086
0.17944112	3.6318262
0.19520958	3.6429565
0.22594811	3.662087
0.25369263	3.6763477
0.29301396	3.695826
0.3247505	3.711826
0.3526946	3.7264347
0.3740519	3.7393043
0.41337326	3.7657392
0.44650698	3.7914782
0.45908183	3.8026087
0.54910177	3.9066086
0.56746507	3.930261
0.600998	3.9716523
0.6307385	4.0092173
0.6606786	4.0471306
0.6894212	4.084696
0.71177644	4.1135654
0.7443114	4.158435
0.7702595	4.193913

