0.000000000000000000e+00 1.639330116332463616e+00 4.828999999999999959e-01 0.000000000000000000e+00 1.742461374761950042e-03
2.000000000000000000e+01 1.674179343827702615e+00 4.828999999999999959e-01 0.000000000000000000e+00 1.325154721827947937e-03
4.000000000000000000e+01 1.692336305205581537e+00 4.828999999999999959e-01 0.000000000000000000e+00 7.402819357970824793e-04
6.000000000000000000e+01 1.703790621259585913e+00 4.828999999999999959e-01 0.000000000000000000e+00 4.572529026932170559e-04
8.000000000000000000e+01 1.710626421313310219e+00 4.828999999999999959e-01 0.000000000000000000e+00 2.851859563604564052e-04
1.000000000000000000e+02 1.715198059514004170e+00 4.828999999999999959e-01 0.000000000000000000e+00 2.092738166182106616e-04
1.200000000000000000e+02 1.718997373978038645e+00 4.828999999999999959e-01 0.000000000000000000e+00 1.809468029416228029e-04
1.400000000000000000e+02 1.722435931631669082e+00 4.828999999999999959e-01 0.000000000000000000e+00 1.664134178186171820e-04
1.600000000000000000e+02 1.725653910690783333e+00 4.828999999999999959e-01 0.000000000000000000e+00 1.568891822927021007e-04
1.800000000000000000e+02 1.728711498923377166e+00 4.828999999999999959e-01 0.000000000000000000e+00 1.499639887253934154e-04
2.000000000000000000e+02 1.731652470239799069e+00 4.828999999999999959e-01 0.000000000000000000e+00 1.452580335640940470e-04
2.200000000000000000e+02 1.734521820265940928e+00 4.828999999999999959e-01 0.000000000000000000e+00 1.426560509593721769e-04
2.400000000000000000e+02 1.737358712278173956e+00 4.828999999999999959e-01 0.000000000000000000e+00 1.414187912824826866e-04
2.600000000000000000e+02 1.740178571917240236e+00 4.828999999999999959e-01 0.000000000000000000e+00 1.402712988343435274e-04
2.800000000000000000e+02 1.742969564231547697e+00 4.828999999999999959e-01 0.000000000000000000e+00 1.382920923643227162e-04
3.000000000000000000e+02 1.745710255611813144e+00 4.828999999999999959e-01 0.000000000000000000e+00 1.353923455743089087e-04
3.200000000000000000e+02 1.748385258054520053e+00 4.828999999999999959e-01 0.000000000000000000e+00 1.319742686590130666e-04
3.400000000000000000e+02 1.750989226358173667e+00 4.828999999999999959e-01 0.000000000000000000e+00 1.284625062932753749e-04
3.600000000000000000e+02 1.753523758306251068e+00 4.828999999999999959e-01 0.000000000000000000e+00 1.251034995393918105e-04
3.800000000000000000e+02 1.755993366339749340e+00 4.828999999999999959e-01 0.000000000000000000e+00 1.219745432084418048e-04
4.000000000000000000e+02 1.758402740034588740e+00 4.828999999999999959e-01 0.000000000000000000e+00 1.190492043690538572e-04
4.200000000000000000e+02 1.760755334514511494e+00 4.828999999999999959e-01 0.000000000000000000e+00 1.162519591086763588e-04
4.400000000000000000e+02 1.763052818398935795e+00 4.828999999999999959e-01 0.000000000000000000e+00 1.134945596955316827e-04
4.600000000000000000e+02 1.765295116902332762e+00 4.828999999999999959e-01 0.000000000000000000e+00 1.106964910428831522e-04
4.800000000000000000e+02 1.767480678040651121e+00 4.828999999999999959e-01 0.000000000000000000e+00 1.077927290796643040e-04
5.000000000000000000e+02 1.769606826065519334e+00 4.828999999999999959e-01 0.000000000000000000e+00 1.047372398877088830e-04
5.200000000000000000e+02 1.771670167636159476e+00 4.828999999999999959e-01 0.000000000000000000e+00 1.015079164674692586e-04
5.400000000000000000e+02 1.773667142724218104e+00 4.828999999999999959e-01 0.000000000000000000e+00 9.810840858501813076e-05
5.600000000000000000e+02 1.775594503979560201e+00 4.828999999999999959e-01 0.000000000000000000e+00 9.456525344477828012e-05
5.800000000000000000e+02 1.777449752862009236e+00 4.828999999999999959e-01 0.000000000000000000e+00 9.092597343630659252e-05
6.000000000000000000e+02 1.779231542917012465e+00 4.828999999999999959e-01 0.000000000000000000e+00 8.725707500202850846e-05
6.200000000000000000e+02 1.780940035862090376e+00 4.828999999999999959e-01 0.000000000000000000e+00 8.363963420242037379e-05
6.400000000000000000e+02 1.782577128285109280e+00 4.828999999999999959e-01 0.000000000000000000e+00 8.016183842486368234e-05
6.600000000000000000e+02 1.784146509399084923e+00 4.828999999999999959e-01 0.000000000000000000e+00 7.691549906366224043e-05
6.800000000000000000e+02 1.785653748247655770e+00 4.828999999999999959e-01 0.000000000000000000e+00 7.398395034592941948e-05
7.000000000000000000e+02 1.787105867412922100e+00 4.828999999999999959e-01 0.000000000000000000e+00 7.143451640101994835e-05
7.200000000000000000e+02 1.788511128903696568e+00 4.828999999999999959e-01 0.000000000000000000e+00 6.931964872403106881e-05
7.400000000000000000e+02 1.789878653361883343e+00 4.828999999999999959e-01 0.000000000000000000e+00 6.767566490298860247e-05
7.600000000000000000e+02 1.791218155499816111e+00 4.828999999999999959e-01 0.000000000000000000e+00 6.652159521979284223e-05
7.800000000000000000e+02 1.792539517170675056e+00 4.828999999999999959e-01 0.000000000000000000e+00 6.585555382035979664e-05
8.000000000000000000e+02 1.793852377652630503e+00 4.828999999999999959e-01 0.000000000000000000e+00 6.565643204495263952e-05
8.200000000000000000e+02 1.795165774452473162e+00 4.828999999999999959e-01 0.000000000000000000e+00 6.588258520039414195e-05
8.400000000000000000e+02 1.796487681060646269e+00 4.828999999999999959e-01 0.000000000000000000e+00 6.647614423216374746e-05
8.600000000000000000e+02 1.797824820221759712e+00 4.828999999999999959e-01 0.000000000000000000e+00 6.737132913696153031e-05
8.800000000000000000e+02 1.799182534226124730e+00 4.828999999999999959e-01 0.000000000000000000e+00 6.849752971755939952e-05
9.000000000000000000e+02 1.800564721410462088e+00 4.828999999999999959e-01 0.000000000000000000e+00 6.978607130840863975e-05
9.200000000000000000e+02 1.801973977078461076e+00 4.828999999999999959e-01 0.000000000000000000e+00 7.117442763956426956e-05
9.400000000000000000e+02 1.803411698516044659e+00 4.828999999999999959e-01 0.000000000000000000e+00 7.260910180917345969e-05
9.600000000000000000e+02 1.804878341150828014e+00 4.828999999999999959e-01 0.000000000000000000e+00 7.405094074794949508e-05
9.800000000000000000e+02 1.806373736145962638e+00 4.828999999999999959e-01 0.000000000000000000e+00 7.547453383445201509e-05
1.000000000000000000e+03 1.807897322504206095e+00 4.828999999999999959e-01 0.000000000000000000e+00 7.686626041850664324e-05
1.020000000000000000e+03 1.809448386562702904e+00 4.828999999999999959e-01 0.000000000000000000e+00 7.822361452591297128e-05
1.040000000000000000e+03 1.811026267085242614e+00 4.828999999999999959e-01 0.000000000000000000e+00 7.955561322189330111e-05
1.060000000000000000e+03 1.812630611091578636e+00 4.828999999999999959e-01 0.000000000000000000e+00 8.087593395285641855e-05
1.080000000000000000e+03 1.814261304443356870e+00 4.828999999999999959e-01 0.000000000000000000e+00 8.219088789634954040e-05
1.100000000000000000e+03 1.815918246607432618e+00 4.828999999999999959e-01 0.000000000000000000e+00 8.350091546749371929e-05
1.120000000000000000e+03 1.817601341062056619e+00 4.828999999999999959e-01 0.000000000000000000e+00 8.480704792058202921e-05
1.140000000000000000e+03 1.819310528524255899e+00 4.828999999999999959e-01 0.000000000000000000e+00 8.610968918938977361e-05
1.160000000000000000e+03 1.821045728629632210e+00 4.828999999999999959e-01 0.000000000000000000e+00 8.740746335118565198e-05
1.180000000000000000e+03 1.822806827058303325e+00 4.828999999999999959e-01 0.000000000000000000e+00 8.870257459906993609e-05
1.200000000000000000e+03 1.824593831613595007e+00 4.828999999999999959e-01 0.000000000000000000e+00 8.999309228884256045e-05
1.220000000000000000e+03 1.826406550749857027e+00 4.828999999999999959e-01 0.000000000000000000e+00 9.127232452962318900e-05
1.240000000000000000e+03 1.828244724594779935e+00 4.828999999999999959e-01 0.000000000000000000e+00 9.253728514195813930e-05
1.260000000000000000e+03 1.830108042155535353e+00 4.828999999999999959e-01 0.000000000000000000e+00 9.378446864709566726e-05
1.280000000000000000e+03 1.831996103340663762e+00 4.828999999999999959e-01 0.000000000000000000e+00 9.500939137762620126e-05
1.300000000000000000e+03 1.833908417810640401e+00 4.828999999999999959e-01 0.000000000000000000e+00 9.621024577511350638e-05
1.320000000000000000e+03 1.835844513171668302e+00 4.828999999999999959e-01 0.000000000000000000e+00 9.738579133045655576e-05
1.340000000000000000e+03 1.837803849463858663e+00 4.828999999999999959e-01 0.000000000000000000e+00 9.853233631103575356e-05
1.360000000000000000e+03 1.839785806624109732e+00 4.828999999999999959e-01 0.000000000000000000e+00 9.964944489207483436e-05
1.380000000000000000e+03 1.841789827259541656e+00 4.828999999999999959e-01 0.000000000000000000e+00 1.007386776733398853e-04
1.400000000000000000e+03 1.843815353731043327e+00 4.828999999999999959e-01 0.000000000000000000e+00 1.018010640612076968e-04
1.420000000000000000e+03 1.845861869821989965e+00 4.828999999999999959e-01 0.000000000000000000e+00 1.028352316943259570e-04
1.440000000000000000e+03 1.847928762998816365e+00 4.828999999999999959e-01 0.000000000000000000e+00 1.038427550999421135e-04
1.460000000000000000e+03 1.850015580025987649e+00 4.828999999999999959e-01 0.000000000000000000e+00 1.048263600362975306e-04
1.480000000000000000e+03 1.852121817400268267e+00 4.828999999999999959e-01 0.000000000000000000e+00 1.057823301765126205e-04
1.500000000000000000e+03 1.854246873233048154e+00 4.828999999999999959e-01 0.000000000000000000e+00 1.067107394957300724e-04
1.520000000000000000e+03 1.856390246980097469e+00 4.828999999999999959e-01 0.000000000000000000e+00 1.076142950380221065e-04
1.540000000000000000e+03 1.858551445034569038e+00 4.828999999999999959e-01 0.000000000000000000e+00 1.084939251372096845e-04
1.560000000000000000e+03 1.860730003985585856e+00 4.828999999999999959e-01 0.000000000000000000e+00 1.093519003192877675e-04
1.580000000000000000e+03 1.862925521047340549e+00 4.828999999999999959e-01 0.000000000000000000e+00 1.101912756382272791e-04
1.600000000000000000e+03 1.865137655011114948e+00 4.828999999999999959e-01 0.000000000000000000e+00 1.110136289824537021e-04
1.620000000000000000e+03 1.867366066206638697e+00 4.828999999999999959e-01 0.000000000000000000e+00 1.118218279203164772e-04
1.640000000000000000e+03 1.869610528127927607e+00 4.828999999999999959e-01 0.000000000000000000e+00 1.126198563764002679e-04
1.660000000000000000e+03 1.871870860461694708e+00 4.828999999999999959e-01 0.000000000000000000e+00 1.134093685518755529e-04
1.680000000000000000e+03 1.874146902870002629e+00 4.828999999999999959e-01 0.000000000000000000e+00 1.141932720555627388e-04
1.700000000000000000e+03 1.876438591343917217e+00 4.828999999999999959e-01 0.000000000000000000e+00 1.149744300424748706e-04
1.720000000000000000e+03 1.878745880071701624e+00 4.828999999999999959e-01 0.000000000000000000e+00 1.157542875137973466e-04
1.740000000000000000e+03 1.881068762844469111e+00 4.828999999999999959e-01 0.000000000000000000e+00 1.165349545679261745e-04
1.760000000000000000e+03 1.883407278254418671e+00 4.828999999999999959e-01 0.000000000000000000e+00 1.173188872900521318e-04
1.780000000000000000e+03 1.885761518336071196e+00 4.828999999999999959e-01 0.000000000000000000e+00 1.181078378122313338e-04
1.800000000000000000e+03 1.888131591766907924e+00 4.828999999999999959e-01 0.000000000000000000e+00 1.189036882843774734e-04
1.820000000000000000e+03 1.890517665867446295e+00 4.828999999999999959e-01 0.000000000000000000e+00 1.197091445505671424e-04
1.840000000000000000e+03 1.892919957548930610e+00 4.828999999999999959e-01 0.000000000000000000e+00 1.205233753147794156e-04
1.860000000000000000e+03 1.895338600880037472e+00 4.828999999999999959e-01 0.000000000000000000e+00 1.213459974599040452e-04
1.880000000000000000e+03 1.897773797447326771e+00 4.828999999999999959e-01 0.000000000000000000e+00 1.221786934251511969e-04
1.900000000000000000e+03 1.900225748617043520e+00 4.828999999999999959e-01 0.000000000000000000e+00 1.230219732533066547e-04
1.920000000000000000e+03 1.902694676377459038e+00 4.828999999999999959e-01 0.000000000000000000e+00 1.238761043334535294e-04
1.940000000000000000e+03 1.905180792790381661e+00 4.828999999999999959e-01 0.000000000000000000e+00 1.247408701775143294e-04
1.960000000000000000e+03 1.907684311184559611e+00 4.828999999999999959e-01 0.000000000000000000e+00 1.256166053519081115e-04
1.980000000000000000e+03 1.910205457004457985e+00 4.828999999999999959e-01 0.000000000000000000e+00 1.260572909949187023e-04
